image_width: 640
image_height: 480
camera_name: tbotcam
camera_matrix:
  rows: 3
  cols: 3
  data: [503.1024 ,   0.     , 316.76033,
           0.     , 501.24006, 212.56214,
           0.     ,   0.     ,   1.     ]
distortion_model: plumb_bob
distortion_coefficients:
  rows: 1
  cols: 5
  data: [0.169162, -0.242337, -0.004420, -0.002956, 0.000000]
rectification_matrix:
  rows: 3
  cols: 3
  data: [1., 0., 0.,
         0., 1., 0.,
         0., 0., 1.]
projection_matrix:
  rows: 3
  cols: 4
  data: [517.3241 ,   0.     , 314.40264,   0.     ,
           0.     , 515.52979, 210.27246,   0.     ,
           0.     ,   0.     ,   1.     ,   0.     ]
